10 32 8 7
0 Busan
1 Changwon
2 Daegu
3 Daejeon
4 Gangneung
5 Gwangju
6 Pohang
7 Seoul
8 Ulsan
9 Wonju
0 1 54.6
1 0 54.6
0 2 86.3
2 0 86.3
0 8 56.4
8 0 56.4
1 2 90.2
2 1 90.2
1 5 214.8
5 1 214.8
2 3 151.2
3 2 151.2
2 5 206.2 
5 2 206.2 
2 6 92.8
6 2 92.8
2 8 104.7
8 2 104.7
2 9 224.3
9 2 224.3
3 5 168.6
5 3 168.6
3 7 169.9
7 3 169.9
4 6 232.9
6 4 232.9
4 9 128.9
9 4 128.9
6 8 75
8 6 75
7 9 140.9
9 7 140.9


